4.05
0,25,82,57,90,70,41,190,29,175
0,36,27,194,60,161,129,67
0,19,140,193,143,11,13,148,181
0,172,18,115,167,171,52,54
0,159,6,184,87,33,189
0,37,157,14,64,21,49,195,2
0,110,113,30,118,188,142,127,177,85
0,91,12,46,7,105,62,199,68,95
0,20,58,185,92,119,152,196
0,75,180,130,28,149,34,179,123
0,153,116,146,112,32,200,103,107,78
0,174,15,48,16,111,131,55
0,183,104,186,151,163,166,35
0,17,59,9,77,150,81,132
0,162,50,26,4,136,72,192,137,169
0,134,133,40,22,155,5,84,39,197
0,63,170,45,96,80,47,97,42,122,102
0,144,74,139,106,117,141,69,168
0,126,147,98,61,128,121,89
0,178,100,109,138,76,10,79,158,160,1
0,51,135,73,114,88,83,101,86,38
0,187,145,198,124,93,24
0,125,176,154,165,182,23,44
0,66,53,164,43,8,120,94,65
0,99,31,108,3,71,156,173,56,191
