3.9952380952380957
0,19,31,108,3,71,156,121,89
0,118,113,30,182,165,95,23,44
0,91,110,144,74,46,7,105,62,199,68
0,162,58,50,35,26,4,136,72,192
0,66,127,179,123,65,94,120,8
0,135,104,73,186,151,114,171,52,54
0,172,176,106,117,141,69,168
0,17,21,189,33,87,184
0,20,109,41,190,76,160,1,158,79,10
0,174,59,9,77,150,6,81,132
0,157,187,159,145,198,124
0,180,75,188,28,34,149,142
0,36,27,194,60,161,129,67
0,12,80,47,97,42,122,102
0,140,143,173,191,200,32,112,103
0,53,15,48,16,24,93,111
0,126,147,98,175,29,61,128
0,193,56,78,107,181,148,13,11
0,99,82,185,92,119,137,169,196
0,153,116,146,22,155,5,84,39,197
0,183,125,63,18,115,167,170,45,96,154,139
0,51,163,166,88,83,101,86,38
0,37,134,133,14,64,40,49,195,2
0,25,178,100,57,90,70,138,152
0,130,177,85,164,43,131,55
